values
5400000
5400000
8131200
1339200
48000
115200
5400
42480
356.4
2.4
57960
8250
5544000
90000
439200
25200
3553200
33372
49644
49644
9000
601200
4449600
4449600
39600
75600
24120
24120
24120
24120
25200
1116000
1116000
3852
439200
12600
1396800
90000
25200
33372
32580
745200
2818.8
2052000
120960
61.2
99.36
55440
12600
30600
136800
108
936
2998800
1353000
2998800
180
576000
2368.8
2880
108
3600
1188
136800
136800
504
12155400
136800
108
745200
3528
28980
53280
53280
53280
3240000
3240000
53280
53280
53280
42480
4428
26136
33840000
33840000
33840000
27720
3344544
5119.2
5580
864
5508
30924
30924
280800
30924
30924
37175016
37175016
37175016
37175016
37175016
37175016
37175016
37175016
37175016
37175016
576
19800
10080
19800
91800
1709634
2844
6120
4.32
122400
180000
421200
421200
27000
27000
19800
15840
3384000
471600
432000
14004000
14004000
14004000
14004000
14004000
3223440
423000
1018800
31968
31968
23400
31968
31968
23400
243000
2700
129240
129240
255852
273600
255852
31968
31968
34491600
31968
31968
23400
180000
31968
31968
425334
2700000
1512000
93636
255240
601200
601200
567000
2552400
42480
255852
10440
2088
2475
957600
972
10548000
62107.2
64440
64440
6120
36360
36360
1501200
817200
1159200
2066400
1159200
683280
24120
24120
345600
345600
345600
9720
72000
10800
255240
1.98
1620000000
233.1
54
42912000
42912000
2628
2628
4500
4500
4500
1500
54
60120000
2486.4
4681.8
9576000
351360
351360
4800000
3060000000
3060000000
3240000
3240000
3240000
3240000
213.12
213.12
213.12
213.12
3240000
3240000
3240000
3240000
1989180
1460340
9180
119880
1299600
3132
11880
11880
1224
133.2
133.2
133.2
133.2
133.2
133.2
133.2
133.2
133.2
133.2
133.2
133.2
133.2
133.2
133.2
133.2
133.2
601200
40320
19080
19080
61.2
50400
50400
3276
77400
6516
435600
835200
37080
17280
11520
12240
612000
75240
448440
8424000
21888
579600
5040000
20520
19800
10697.76
324000
54
36720
173.16
5.04
579600
579600
579600
579600
219240
219240
43.71
295.2
13788000
6732
392.4
392.4
90000
90000
86472
3960
1908000
2880
108
25200
72000
255240
19.32
12240
34560
21888
828000
46440
871.2
67320
11880
104.4
104.4
104.4
104.4
104.4
1080
3600000
43200
514800
2.9808
67680
2498400
4608
20160
21888
21888
360
17640
165600
735120
735120
30600
2368800
2368800
648000
200880
3553200
36684000
3960
360960
1180800
298800
3600000
41454
213336
86400
191988
252000
319788
189720
127800
11520
5004
5004
3240000
3240000
2412000
46800
104400
53694
6012000
2998800
119880
1404000
1404000
11880
27000
5917860
54000
54000
2336400
3236400
5917860
5917860
5917860
5917860
1629000
181800
2628
1548
579600
255240
3553200
255240
255240
3553200
140.4
1555200
2336400
276120
1418400
1418400
92160
11880
25200
224280
5371200
224280
126000
7704000
11160000
144000
144000
25200
9000
2221.2
1368
61200
81288
81288
146880
34560
3445200
3445200
3445200
3524400
3524400
27.3084
14946
225
82.8
1494
1494
1548
9360
496800
3600000
8856
39960
745200
936000
936000
30960
2642.4
43243.2
43243.2
43243.2
43243.2
75600
75600
75600
75600
75600
75600
75600
75600
75600
75600
75600
75600
75600
75600
75600
75600
75600
75600
75600
75600
75600
75600
75600
75600
75600
75600
75600
75600
75600
75600
75600
75600
75600
75600
75600
75600
75600
75600
75600
75600
75600
75600
75600
75600
75600
75600
75600
75600
75600
75600
75600
75600
75600
75600
75600
75600
75600
75600
75600
75600
3524400
3524400
108000
209880
209880
30348
3870000
3870000
289440
289440
107640000
211680
3528
828
7308
5400
5400
21924
154800
190080
150120
11484
11484
1159200
1159200
1159200
2498400
957600
14400
39600
579600
37800
1033200
43200
6552000
6.972
3232800
3232800
135000
135000
72360
72360
72360
72360
72360
72360
164520
164520
64800
64800
64800
579600
579600
198000
198000
360000
705240
72000
3123540
3123540
0.31788
1188
468
1476
1476
103680
3123540
3123540
360000
78840
78840
78840
78840
17640
334.8
334.8
334.8
334.8
334.8
334.8
334.8
334.8
334.8
334.8
1728
1080
27720
136800
792
579600
9252
9
3024
3024
579600
23040
23040
111.6
57960
57960
111.6
900
900
13680
25200
8676
8676
8676
21600
21600
278280
373320
291240
13788000
10868400
287640
950400
950400
950400
950400
47880
950400
950400
950400
950400
291240
372240
10868400
379080
13788000
950400
864000
43200
540
295200
15120
792
350460
4680
2052000
5917860
2336400
17470.8
7632
576
320364
36468
133.2
320364
68.4
320364
4320000
2170800
2170800
72000
25200
10584
12600
136800
4140
1285200
1285200
1928640
262800
10584
1119600
3467160
1908000
15840
1548
12240
1908
10440
1928640
278712
10294200
10294200
144000
30960
248400
25200
10206
2376
2894400
8964
579600
460800
154800
3240000
140400
4455
140400
140400
6955200
94680
120600
20160
7884
201600
212400
212400
428400
2520
370.8
2520
2520
2498400
216000
745200
745200
251640
835200
4896
360
360
83160
48.6
38880
1044
1044
1044
1044
1044
1044
7200
6120
4680000
25200
39.6
102600
67680
1179972
10.8
5544
14040
345060
216000
83183.1
83183.1
2368800
6840
115200
154800
2998800
2998800
153.72
153.72
273.6
273.6
5940
601200
723600
81360
12348000
87840
345600
561600
241200
5917860
7200
248400
3344544
248.4
248.4
14946
3445200
119880
119880
154800
14688000
11952
11952
172800
25200
133.2
46800
350760
350760
567000
1800000
80.28
1260000
5040
5040
4320000
2412000
16560
16560
1710000
12708
349164
3553200
781200
781200
21960
758880
64.8
11520
11520
20880
20880
80.04
136800
3204000
336384
4449600
4449600
180000
180000
10440
612000
1018.8
2304
1299600
2221.2
439200
723600
1018800
70920
4320000
1260000
5544000
15120
209880
432000
432000
1983600
1983600
1983600
423000
423000
423000
3384000000
3384000000
3384000000
154.8
154.8
154.8
9720
49680
9720
9720
9720
9720
9720
423000
423000
423000
423000
423000
423000
423000
3384000000
3384000000
3384000000
3384000000
3384000000
3384000000
3384000000
154.8
154.8
154.8
154.8
154.8
154.8
154.8
1800
1260
104.4
104.4
104.4
104.4
104.4
104.4
104.4
104.4
104.4
104.4
104.4
104.4
104.4
104.4
104.4
104.4
104.4
104.4
104.4
320364
43.2
320364
320364
30924
30924
12492
30924
30924
30924
30924
30924
30924
30924
30924
30924
1396800
1396800
1396800
1396800
1396800
1396800
1396800
1396800
1396800
1396800
1396800
1396800
1396800
1396800
1396800
1396800
1396800
1396800
1396800
1396800
1396800
1396800
1396800
1396800
1396800
1396800
1396800
1396800
1396800
1396800
1396800
1396800
1396800
1396800
1396800
53280
53280
53280
53280
53280
53280
53280
53280
53280
53280
53280
53280
23400
23400
23400
23400
23400
23400
23400
23400
34200
34200
11880
330.48
330.48
330.48
330.48
330.48
330.48
330.48
330.48
330.48
330.48
330.48
330.48
330.48
330.48
330.48
330.48
7.7814
7.7814
7.7814
7.7814
7.7814
7.7814
7.7814
7.7814
121500
270
121500
270
121500
270
121500
270
270
270
270
270
41664
41664
41664
41664
41664
41664
41664
41664
348012
348012
348012
348012
348012
348012
348012
348012
41664
41664
41664
41664
41664
41664
41664
41664
37175016
37175016
37175016
37175016
37175016
37175016
37175016
37175016
37175016
37175016
37175016
37175016
37175016
37175016
37175016
37175016
37175016
37175016
37175016
37175016
37175016
37175016
37175016
37175016
37175016
37175016
37175016
37175016
37175016
37175016
37175016
37175016
3312
3312
3312
3312
3312
3312
3312
3312
3312
3312
3312
3312
3312
3312
3312
3312
3312
3312
3312
3312
3312
3312
3312
3312
3312
3312
3312
3312
3312
3312
3312
3312
32112
32112
32112
32112
32112
32112
32112
32112
32112
32112
32112
32112
32112
32112
1170000
1170000
1170000
1170000
1170000
1170000
1170000
1170000
1632
1632
1632
1632
1632
1632
1632
1632
212.4
212.4
192
192
192
192
192
192
192
192
192
192
192
192
192
192
192
192
192
192
192
192
192
192
192
192
103080
103080
103080
103080
103080
103080
103080
103080
103080
103080
103080
103080
103080
103080
103080
103080
103080
103080
103080
103080
103080
103080
103080
103080
72000
72000
72000
72000
72000
72000
72000
72000
212.877
212.877
212.877
212.877
212.877
212.877
212.877
212.877
212.877
212.877
212.877
212.877
212.877
212.877
212.877
212.877
8424
8424
8424
8424
8424
8424
86400
86400
86400
86400
86400
86400
7.3872
7.3872
7.3872
7.3872
7.3872
7.3872
7.3872
7.3872
7.3872
7.3872
7.3872
7.3872
7.3872
7.3872
7.3872
7.3872
7.3872
7.3872
7.3872
7.3872
7.3872
7.3872
7.3872
7.3872
7.3872
7.3872
7.3872
7.3872
7.3872
7.3872
7.3872
7.3872
7.3872
7.3872
7.3872
7.3872
579600
579600
579600
579600
579600
579600
579600
579600
579600
579600
579600
579600
579600
579600
579600
579600
579600
579600
579600
579600
579600
579600
579600
579600
579600
579600
579600
579600
579600
579600
579600
579600
579600
579600
579600
579600
121500
121500
121500
121500
121500
121500
121500
121500
121500
121500
121500
121500
121500
121500
121500
121500
121500
121500
121500
121500
121500
121500
121500
121500
121500
121500
121500
121500
121500
121500
121500
121500
121500
121500
121500
121500
121500
121500
121500
121500
121500
121500
121500
121500
121500
121500
121500
121500
121500
121500
121500
121500
121500
121500
121500
121500
121500
121500
121500
121500
121500
121500
121500
121500
121500
121500
121500
121500
121500
121500
121500
121500
121500
121500
121500
121500
121500
121500
121500
121500
121500
121500
121500
121500
121500
121500
121500
121500
121500
121500
121500
121500
121500
121500
121500
121500
121500
121500
121500
121500
121500
121500
121500
121500
121500
121500
121500
121500
121500
121500
121500
121500
121500
121500
121500
121500
121500
121500
121500
121500
121500
121500
121500
121500
121500
121500
121500
121500
121500
121500
121500
121500
121500
121500
121500
121500
121500
121500
121500
121500
121500
121500
121500
121500
121500
121500
121500
121500
121500
121500
121500
121500
121500
121500
121500
121500
121500
121500
121500
121500
121500
121500
121500
121500
121500
121500
121500
121500
121500
121500
121500
121500
121500
121500
121500
121500
121500
121500
121500
121500
121500
121500
121500
121500
121500
121500
121500
121500
121500
121500
121500
121500
9972
9972
9972
9972
9972
9972
9972
9972
9972
9972
9972
9972
9972
9972
9972
9972
9972
9972
9972
9972
9972
9972
9972
9972
9972
9972
9972
9972
9972
9972
9972
9972
0.576
0.576
0.576
0.576
0.576
0.576
0.576
0.576
6441.12
6441.12
6441.12
6441.12
6441.12
6441.12
6441.12
6441.12
6441.12
6441.12
6441.12
6441.12
6441.12
6441.12
6441.12
6441.12
200880
200880
200880
200880
200880
200880
200880
200880
12.4656
12.4656
12.4656
12.4656
12.4656
12.4656
12.4656
12.4656
12.4656
12.4656
12.4656
12.4656
12.4656
12.4656
12.4656
12.4656
12.4656
12.4656
12.4656
12.4656
12.4656
12.4656
12.4656
12.4656
12.4656
12.4656
12.4656
12.4656
12.4656
12.4656
12.4656
12.4656
12.4656
12.4656
12.4656
12.4656
12.4656
12.4656
12.4656
12.4656
12.4656
12.4656
12.4656
12.4656
12.4656
12.4656
12.4656
12.4656
12.4656
12.4656
12.4656
12.4656
12.4656
12.4656
12.4656
12.4656
12.4656
12.4656
12.4656
12.4656
12.4656
12.4656
12.4656
12.4656
12.4656
12.4656
12.4656
12.4656
12.4656
12.4656
12.4656
12.4656
12.4656
12.4656
12.4656
12.4656
12.4656
12.4656
12.4656
12.4656
12.4656
12.4656
12.4656
12.4656
12.4656
12.4656
12.4656
12.4656
12.4656
12.4656
12.4656
12.4656
12.4656
12.4656
12.4656
12.4656
12.4656
12.4656
12.4656
12.4656
12.4656
12.4656
12.4656
12.4656
12.4656
12.4656
12.4656
12.4656
12.4656
12.4656
12.4656
12.4656
12.4656
12.4656
12.4656
12.4656
12.4656
12.4656
12.4656
12.4656
12.4656
12.4656
12.4656
12.4656
12.4656
12.4656
12.4656
12.4656
3821400
3821400
3821400
3821400
3821400
3821400
3821400
3821400
3821400
3821400
3821400
3821400
3821400
3821400
3821400
3821400
3821400
3821400
3821400
3821400
3821400
3821400
3821400
3821400
3821400
3821400
3821400
3821400
3821400
3821400
3821400
3821400
3821400
3821400
3821400
3821400
3821400
3821400
3821400
3821400
3821400
3821400
3821400
3821400
3821400
3821400
3821400
3821400
3821400
3821400
3821400
3821400
3821400
3821400
3821400
3821400
3821400
3821400
3821400
3821400
3122730
3122730
3122730
3122730
3122730
3122730
3122730
3122730
3122730
3122730
3122730
3122730
3122730
3122730
3122730
3122730
75600
75600
75600
75600
75600
75600
3348
3348
3348
3348
3348
3348
3348
3348
39600
39600
39600
39600
39600
39600
39600
39600
2998800
2998800
2998800
2998800
2998800
2998800
2998800
2998800
2998800
2998800
2998800
2998800
2998800
2998800
2998800
2998800
2998800
2998800
2998800
2998800
2998800
2998800
2998800
2998800
39600
39600
39600
39600
39600
39600
39600
39600
39600
39600
39600
39600
39600
39600
39600
39600
2998800
2998800
2998800
2998800
2998800
2998800
2998800
2998800
2998800
2998800
2998800
2998800
2998800
2998800
2998800
2998800
39600
39600
39600
39600
39600
39600
39600
39600
39600
39600
39600
39600
39600
39600
39600
39600
39600
39600
39600
39600
39600
39600
39600
39600
39600
39600
39600
39600
39600
39600
39600
39600
39600
39600
39600
39600
39600
39600
39600
39600
2998800
2998800
2998800
2998800
2998800
2998800
2998800
2998800
348012
348012
348012
348012
348012
348012
348012
348012
41664
41664
41664
41664
41664
41664
41664
41664
348012
348012
348012
348012
41664
41664
41664
41664
12.6
12.6
12.6
12.6
12.6
12.6
12.6
12.6
12.6
12.6
12.6
12.6
44280
44280
44280
44280
44280
44280
44280
44280
44280
44280
44280
44280
44280
44280
44280
44280
44280
44280
44280
44280
44280
44280
44280
44280
44280
44280
44280
44280
44280
44280
44280
44280
44280
44280
44280
44280
44280
44280
44280
44280
44280
44280
44280
44280
4068
4068
4068
4068
44280
44280
44280
44280
44280
44280
44280
44280
44280
44280
44280
44280
44280
44280
44280
44280
44280
44280
44280
44280
26136
115200
72000
1404000
1404000
3553200
3553200
3553200
3553200
3553200
3553200
3553200
3553200
3553200
3553200
3553200
3553200
3553200
3553200
3553200
3553200
3553200
3553200
3553200
3553200
3553200
3553200
3553200
3553200
3553200
3553200
3553200
3553200
3553200
3553200
3553200
3553200
3553200
3553200
3553200
3553200
3553200
3553200
3553200
3553200
3553200
3553200
3553200
3553200
3553200
3553200
3553200
3553200
3553200
3553200
3553200
3553200
3553200
3553200
3553200
3553200
3553200
3553200
3553200
3553200
3553200
3553200
3553200
3553200
3553200
3553200
3553200
3553200
3553200
3553200
3553200
3553200
3553200
3553200
3553200
3553200
3553200
3553200
3553200
3553200
3553200
3553200
3553200
3553200
3553200
3553200
3553200
3553200
3553200
3553200
3553200
3553200
3553200
3553200
3553200
3553200
3553200
3553200
3553200
3553200
3553200
3553200
3553200
3553200
3553200
3553200
3553200
3553200
3553200
3553200
3553200
3553200
3553200
3553200
3553200
3553200
3553200
3553200
3553200
3553200
3553200
3553200
3553200
3553200
3553200
3553200
3553200
3553200
3553200
3553200
3553200
3553200
3553200
3553200
3553200
3553200
3553200
3553200
3553200
3553200
3553200
3553200
3553200
3553200
3553200
3553200
3553200
3553200
3553200
3553200
3553200
3553200
3553200
3553200
3553200
3553200
3553200
3553200
3553200
3553200
5400000
5400000
1339200
48000
57960
4320000
49644
24120
439200
2052000
745200
2880
2998800
2998800
576000
504
12155400
2880
2052000
28980
33840000
3344544
37175016
37175016
14004000
14004000
14004000
14004000
14004000
1980
1018800
124200
31968
423000
124200
31968
23400
243000
129240
255852
124200
31968
34491600
124200
31968
23400
180000
124200
31968
255240
567000
493200
6120
72000
10800
9576000
351360
213.12
213.12
213.12
213.12
1989180
1460340
11880
1224
133.2
133.2
133.2
133.2
133.2
133.2
133.2
133.2
133.2
133.2
133.2
133.2
133.2
133.2
133.2
133.2
133.2
601200
50400
50400
86472
19.32
828000
195804
67320
3600000
43200
514800
191988
3240000
3445200
104400
2998800
1404000
3236400
1629000
2628
3553200
224280
6012
224280
2221.2
1368
3445200
3445200
82.8
1548
8856
19440
30960
11484
13212
579600
0.31788
255240
255240
255240
255240
255240
255240
255240
255240
255240
255240
1728
792
9648
9648
579600
111.6
9648
9648
8676
8676
4680
12600
1928640
262800
1119600
1548
10440
1928640
30960
2376
216000
745200
745200
835200
1044
1044
1044
1044
1044
1044
5544
14040
2998800
2998800
153.72
153.72
601200
7200
3445200
119880
3240000
350760
350760
567000
1299600
2221.2
1018800
9720
9720
9720
104.4
104.4
104.4
104.4
104.4
104.4
104.4
104.4
104.4
104.4
330.48
330.48
330.48
330.48
121500
121500
121500
121500
44280
44280
44280
44280
37175016
37175016
37175016
37175016
37175016
37175016
37175016
37175016
37175016
37175016
37175016
37175016
37175016
37175016
37175016
37175016
37175016
37175016
37175016
37175016
37175016
37175016
37175016
37175016
37175016
37175016
37175016
37175016
37175016
37175016
37175016
37175016
103080
103080
103080
103080
103080
103080
103080
103080
1.0044
1.0044
1.0044
1.0044
1.0044
1.0044
1.0044
1.0044
9972
9972
9972
9972
9972
9972
9972
9972
3821400
3821400
3821400
3821400
3821400
3821400
3821400
3821400
3821400
3821400
3821400
3821400
3821400
3821400
3821400
3821400
3821400
3821400
3821400
3821400
3821400
3821400
3821400
3821400
39600
39600
39600
39600
39600
39600
39600
39600
39600
39600
39600
39600
39600
39600
39600
39600
39600
39600
39600
39600
39600
39600
39600
39600
39600
39600
39600
39600
39600
39600
39600
39600
39600
39600
39600
39600
39600
39600
39600
39600
39600
39600
39600
39600
39600
39600
39600
39600
39600
39600
39600
39600
39600
39600
39600
39600
39600
39600
39600
39600
39600
39600
39600
39600
12.6
12.6
44280
44280
44280
44280
44280
44280
44280
44280
44280
44280
44280
44280
44280
44280
44280
44280
44280
44280
44280
44280
44280
44280
44280
44280
44280
44280
44280
44280
44280
44280
44280
44280
5400000
5544000
2052000
2052000
2052000
31968
23400
31968
31968
31968
31968
255240
2552400
3096000
1460340
19.32
67320
43200
3240000
3445200
104400
1629000
6012
1548
8856
745200
11484
3024
579600
57960
1548
10440
622800
2376
745200
745200
1044
1044
1044
1044
1044
1044
119880
2808
44280
44280
44280
44280
3312
3312
3312
3312
3312
3312
3312
3312
3312
3312
3312
3312
3312
3312
3312
3312
3312
3312
3312
3312
3312
3312
3312
3312
3312
3312
3312
3312
3312
3312
3312
3312
39600
39600
39600
39600
39600
39600
39600
39600
39600
39600
39600
39600
39600
39600
39600
39600
39600
39600
39600
39600
39600
39600
39600
39600
44280
44280
44280
44280
44280
44280
44280
44280
44280
44280
44280
44280
44280
44280
44280
44280
44280
44280
44280
44280
44280
44280
44280
44280
44280
44280
44280
44280
44280
44280
44280
44280
5400000
2052000
255240
493200
19.32
3840
43200
3240000
3445200
1629000
11484
579600
10440
1044
1044
1044
1044
1044
1044
1299600
44280
44280
44280
44280
44280
44280
44280
44280
44280
44280
44280
44280
44280
44280
44280
44280
44280
44280
44280
44280
44280
44280
44280
44280
44280
44280
44280
44280
44280
44280
44280
44280
255240
493200
67320
2412000
579600
255240
493200
255240
255240
540000
5400
1000800
33372
9000
33372
136800
136800
136800
136800
5119.2
37175016
37175016
37175016
37175016
37175016
37175016
37175016
37175016
37175016
37175016
18828
4.32
421200
10440
2700000
1512000
2475
10548000
62107.2
2066400
2066400
1.98
4681.8
3960
11880
11880
11880
11880
75240
7.2
5040000
1418400
5.04
579600
579600
8928
1908000
122652
1261.5
1261.5
1261.5
1261.5
1261.5
3123540
3123540
7.2
1656000
1656000
2368800
2368800
2340000
2412000
264960
56880
56880
170640
255240
3553200
255240
255240
3553200
1418400
9000
30960
259200
3870000
3870000
218.109
79200
5400
5400
31104
190080
3870000
3870000
18720
18720
18720
18720
18720
18720
30852000
30852000
30852000
4320
507600
3123540
3123540
3123540
3123540
136800
23040
47880
47880
6516
38880
4320000
10584
1928640
10584
1274400
1908000
2970
1928640
30960
568800
568800
457200
118800
12384000
4680000
417600
7.2
2368800
286560
7200
82440
350760
350760
60120000
1800000
30240
349164
3553200
22860
3870000
3870000
1299600
5544000
5544000
1800000
3384000000
3384000000
3384000000
3384000000
3384000000
3384000000
3384000000
3384000000
3384000000
3384000000
1261.5
1261.5
1261.5
1261.5
1261.5
1261.5
1261.5
1261.5
1261.5
1261.5
1261.5
1261.5
1261.5
1261.5
1261.5
1261.5
1261.5
1261.5
1261.5
3960
32112
32112
32112
32112
32112
32112
32112
32112
32112
32112
32112
32112
32112
32112
18828
18828
121500
121500
121500
121500
121500
121500
121500
121500
121500
121500
121500
121500
121500
121500
121500
121500
121500
121500
121500
121500
121500
121500
121500
121500
121500
121500
121500
121500
121500
121500
121500
121500
121500
121500
121500
121500
121500
121500
121500
121500
121500
121500
121500
121500
121500
121500
121500
121500
121500
121500
121500
121500
121500
121500
121500
121500
121500
121500
121500
121500
121500
121500
121500
121500
121500
121500
121500
121500
121500
121500
121500
121500
121500
121500
121500
121500
121500
121500
121500
121500
121500
121500
121500
121500
121500
121500
121500
121500
121500
121500
121500
121500
121500
121500
121500
121500
121500
121500
121500
121500
121500
121500
121500
121500
121500
121500
121500
121500
121500
121500
121500
121500
121500
121500
121500
121500
121500
121500
121500
121500
121500
121500
121500
121500
121500
121500
121500
121500
121500
121500
121500
121500
121500
121500
121500
121500
121500
121500
121500
121500
121500
121500
121500
121500
121500
121500
121500
121500
121500
121500
121500
121500
121500
121500
121500
121500
121500
121500
121500
121500
121500
121500
121500
121500
121500
121500
121500
121500
121500
121500
121500
121500
121500
121500
121500
121500
121500
121500
121500
121500
121500
121500
121500
121500
121500
121500
121500
121500
121500
121500
121500
121500
12.4656
12.4656
12.4656
12.4656
12.4656
12.4656
12.4656
12.4656
12.4656
12.4656
12.4656
12.4656
12.4656
12.4656
12.4656
12.4656
12.4656
12.4656
12.4656
12.4656
12.4656
12.4656
12.4656
12.4656
12.4656
12.4656
12.4656
12.4656
12.4656
12.4656
12.4656
12.4656
12.4656
12.4656
12.4656
12.4656
12.4656
12.4656
12.4656
12.4656
12.4656
12.4656
12.4656
12.4656
12.4656
12.4656
12.4656
12.4656
12.4656
12.4656
12.4656
12.4656
12.4656
12.4656
12.4656
12.4656
12.4656
12.4656
12.4656
12.4656
12.4656
12.4656
12.4656
12.4656
12.4656
12.4656
12.4656
12.4656
12.4656
12.4656
12.4656
12.4656
12.4656
12.4656
12.4656
12.4656
12.4656
12.4656
12.4656
12.4656
12.4656
12.4656
12.4656
12.4656
12.4656
12.4656
12.4656
12.4656
12.4656
12.4656
12.4656
12.4656
12.4656
12.4656
12.4656
12.4656
12.4656
12.4656
12.4656
12.4656
12.4656
12.4656
12.4656
12.4656
12.4656
12.4656
12.4656
12.4656
12.4656
12.4656
12.4656
12.4656
12.4656
12.4656
12.4656
12.4656
12.4656
12.4656
12.4656
12.4656
12.4656
12.4656
12.4656
12.4656
12.4656
12.4656
12.4656
12.4656
26136
1000800
2880
2880
37175016
37175016
11880
11880
122652
3445200
264960
3553200
30960
38880
1928640
1928640
30960
286560
7200
350760
350760
1299600
1261.5
1261.5
1261.5
1261.5
1261.5
1261.5
1261.5
1261.5
1261.5
1261.5
27612
3445200
264960
622800
2808
3445200
1299600
2412000
