values
5400000
5400000
42912000
1339200
2581.2
115200
90000
936000
612000
1166400000
435600
447.48
5544000
90000
439200
622800
3553200
3384000000
1620000
1620000
9000
612000
4449600
4449600
47520
2401200
2401200
2401200
2401200
2401200
158400
410400
1540800
3852
439200
12600
42912000
90000
622800
3384000000
61200
263160
2818.8
2052000
1540800
2844
99.36
170640
14688000
30600
136800
108
936
2998800
180
576000
2368.8
2880
108
3600
1188
136800
136800
190800
6418.8
136800
108
263160
432
217800
18828
18828
18828
3780
3780
18828
18828
18828
4428
1296000000
4680
33840000
33840000
33840000
27720
147060000
3384000000
5580
10080
5508
280800
280800
280800
280800
280800
49680
49680
49680
49680
49680
49680
49680
49680
49680
49680
4140
19800
33588
19800
91800
612000
23997600
6120
3600
4248000
3166200
324000
3032280
27000
27000
21888
15840
6084000
471600
432000
14004000
14004000
14004000
14004000
14004000
3223440
1166400000
12600000
5925600
5925600
187200
5925600
5925600
187200
243000
2700
129240
129240
190800
16272
190800
5925600
5925600
34491600
5925600
5925600
187200
180000
5925600
5925600
10800
2700000
1512000
59040
255240
2383200
2383200
52560
4600800
42480
190800
10440
1378800
15840
1166400000
4075200
10548000
1296000000
93600
93600
21888
36360
36360
1501200
817200
1908000
2412000
1908000
1188000
24120
24120
345600
10800
10800
9720
72000
204120
255240
50040
1620000000
468720
339840
42912000
42912000
2628
2628
339840
339840
339840
113280
2098800
60120000
468720
1224
9576000
351360
351360
351360
10188000000
10188000000
3240000
3240000
3240000
3240000
49680
49680
49680
49680
3240000
3240000
3240000
3240000
348840
1188
9180
119880
1299600
3132
11880
11880
1224
0.72
0.72
0.72
0.72
0.72
0.72
0.72
0.72
0.72
0.72
0.72
0.72
0.72
0.72
0.72
0.72
0.72
40320
40320
11880
11880
57600
50400
50400
3276
77400
6516
435600
86400
511200
17280
11520
113280
612000
75240
630000
630000
21888
2012400
5040000
20520
19800
17280
324000
7.92
172116
241.2
3600
579600
579600
579600
579600
784800
784800
36684000
447.48
13788000
702000
392.4
392.4
272880
272880
86868
43.2
1908000
2880
108
622800
72000
255240
255240
32040
34560
21888
828000
46440
871.2
106380000
1764
104.4
104.4
104.4
104.4
104.4
1080
3600000
43200
792000
1188
67680
14400000
961.2
36000
21888
21888
360
17640
232200
4140000
4140000
30600
2368800
2368800
2844000
200880
3553200
36684000
43.2
9252000
1180800
12600000
9954000
1274400
271476
86400
103140000
252000
1548000
189720
127800
22572
7920
7920
3240000
3240000
2412000
198000
60120
58680
6012000
2998800
119880
1404000
1404000
11880
144000
3236400
2304000
2304000
2336400
3236400
3236400
3236400
3236400
3236400
65.88
181800
2628
10980
579600
255240
3553200
255240
255240
3553200
12.6
1555200
2336400
276120
1418400
1418400
92160
11880
622800
305640
5371200
305640
126000
7704000
14760
144000
144000
622800
9000
2221.2
1368
61200
81288
81288
146880
439200
3445200
3445200
3445200
3524400
3524400
30240
200880
225
82.8
16560
16560
252
82440
496800
3384000000
1440
39960
263160
936000
936000
30960
200880
200880
200880
200880
200880
15840000
15840000
15840000
15840000
15840000
15840000
15840000
15840000
15840000
15840000
15840000
15840000
15840000
15840000
15840000
15840000
15840000
15840000
15840000
15840000
15840000
15840000
15840000
15840000
15840000
15840000
15840000
15840000
15840000
15840000
15840000
15840000
15840000
15840000
15840000
15840000
15840000
15840000
15840000
15840000
15840000
15840000
15840000
15840000
15840000
15840000
15840000
15840000
15840000
15840000
15840000
15840000
15840000
15840000
15840000
15840000
15840000
15840000
15840000
15840000
3524400
3524400
108000
918000
918000
378000
3870000
3870000
289440
289440
107640000
8434800
432
57600
7308
90000
90000
21924
154800
42912000
237600
3198960
3198960
1159200
1159200
1159200
14400000
1166400000
1033200
39600
2012400
1033200
1033200
43200
6552000
1299600
3232800
3232800
135000
135000
50400
50400
50400
50400
50400
50400
164520
164520
496800
496800
496800
579600
579600
483840
483840
360000
705240
72000
57600
57600
5400
1188
468
90000
90000
5868
57600
57600
378000
102600
102600
102600
102600
17640
334.8
334.8
334.8
334.8
334.8
334.8
334.8
334.8
334.8
334.8
964800
34560
27720
136800
792
579600
45900
9
3024
3024
579600
23040
23040
111.6
57960
57960
111.6
900
900
13680
622800
1332000
1332000
1332000
21600
21600
312840
373320
334800
13788000
10868400
287640
7506000
7506000
7506000
7506000
47880
7506000
7506000
7506000
7506000
291240
436320
10868400
379080
13788000
7506000
7812000
43200
5184
15480000
15120
792
119.88
4680
2052000
3236400
2336400
17470.8
7632
12240
489600
36468
550800
658800
435600
572400
4320000
2170800
2170800
72000
3600
10584
12600
136800
4140
1285200
1285200
1432800
352800
10584
10177200
3467160
1908000
15840
252
12240
10440
1432800
198000
126000
126000
277200
30960
248400
3600
10440
2376
2894400
6300
579600
1400400
154800
3240000
140400
57960
140400
140400
6955200
613440
120600
20160
50760
408960
3153600
3153600
100800000
2520
370.8
2520
2520
14400000
216000
263160
263160
1749600
835200
7128000
25632
25632
273.6
480.6
172116
46440
46440
46440
46440
46440
46440
142308000
6120
4680000
622800
39.6
102600
67680
14400000
10.8
4140
21888
1184400
1540800
1209600
1209600
2368800
81720
115200
154800
2998800
2998800
200880
200880
273.6
273.6
5940
936000
723600
81360
12348000
129600
10800
561600
90000
3236400
7200
248400
147060000
338.4
338.4
835200
3445200
119880
119880
154800
14688000
11952
11952
172800
622800
0.72
46800
162000
248400
52560
1800000
173556
1260000
88200
88200
4320000
2412000
16560
16560
1368
12708
59400000
3553200
781200
781200
21960
59040
64.8
33.12
33.12
1476000
1476000
1141.2
136800
1800000
336384
4449600
4449600
180000
180000
10440
9518400
47160
2304
1299600
2221.2
439200
723600
12600000
70920
1018800
1018800
5544000
291600
918000
180
157.5
1983600
1983600
1983600
1240920
1240920
1240920
3384000000
3384000000
3384000000
11412
11412
11412
360000
49680
360000
360000
360000
360000
360000
1166400000
1166400000
1166400000
1166400000
1166400000
1166400000
1166400000
3384000000
3384000000
3384000000
3384000000
3384000000
3384000000
3384000000
468720
468720
468720
468720
468720
468720
468720
1800
1260
104.4
104.4
104.4
104.4
104.4
104.4
104.4
104.4
104.4
104.4
104.4
104.4
104.4
104.4
104.4
104.4
104.4
104.4
104.4
658800
43.2
381600
658800
280800
30924
12492
280800
280800
280800
280800
280800
280800
280800
280800
280800
42912000
42912000
42912000
42912000
42912000
42912000
42912000
42912000
42912000
42912000
42912000
42912000
42912000
42912000
42912000
42912000
42912000
42912000
42912000
42912000
42912000
42912000
42912000
42912000
42912000
42912000
42912000
42912000
42912000
42912000
42912000
42912000
42912000
42912000
42912000
3600000
18828
18828
18828
18828
18828
18828
18828
18828
18828
18828
18828
23400
23400
23400
23400
23400
23400
23400
23400
34200
34200
11880
4140
49680
298.8
49680
4140
49680
298.8
49680
4140
49680
298.8
49680
4140
49680
298.8
49680
360000
360000
360000
360000
360000
360000
360000
360000
49680
49680
49680
49680
49680
49680
49680
49680
49680
49680
49680
49680
2998800
2998800
2998800
2998800
2998800
2998800
2998800
2998800
2998800
2998800
2998800
2998800
2998800
2998800
2998800
2998800
2998800
2998800
2998800
2998800
2998800
2998800
2998800
2998800
4140
4140
4140
4140
4140
4140
4140
4140
49680
49680
49680
49680
49680
49680
49680
49680
298.8
298.8
298.8
298.8
298.8
298.8
298.8
298.8
49680
49680
49680
49680
49680
49680
49680
49680
4140
4140
4140
4140
4140
4140
4140
4140
49680
49680
49680
49680
49680
49680
49680
49680
298.8
298.8
298.8
298.8
298.8
298.8
298.8
298.8
49680
49680
49680
49680
49680
49680
49680
49680
32112
32112
32112
32112
32112
32112
32112
32112
32112
32112
32112
32112
32112
32112
19188
19188
19188
19188
19188
19188
19188
19188
19188
19188
19188
19188
19188
19188
19188
19188
298.8
298.8
2052000
2052000
2052000
2052000
2052000
2052000
2052000
2052000
2052000
2052000
2052000
2052000
2052000
2052000
2052000
2052000
2052000
2052000
2052000
2052000
2052000
2052000
2052000
2052000
622800
622800
622800
622800
622800
622800
622800
622800
622800
622800
622800
622800
622800
622800
622800
622800
622800
622800
622800
622800
622800
622800
622800
622800
72000
72000
72000
72000
72000
72000
72000
72000
19188
19188
19188
19188
19188
19188
19188
19188
19188
19188
19188
19188
19188
19188
19188
19188
19188
19188
19188
19188
19188
19188
2998800
2998800
2998800
2998800
2998800
2998800
19188
19188
19188
19188
19188
19188
19188
19188
19188
19188
19188
19188
19188
19188
19188
19188
19188
19188
19188
19188
19188
19188
19188
19188
19188
19188
19188
19188
19188
19188
19188
19188
19188
19188
19188
19188
579600
579600
579600
579600
579600
579600
579600
579600
579600
579600
579600
579600
579600
579600
579600
579600
579600
579600
579600
579600
579600
579600
579600
579600
579600
579600
579600
579600
579600
579600
579600
579600
579600
579600
579600
579600
49680
49680
49680
49680
49680
49680
49680
49680
49680
49680
49680
49680
49680
49680
49680
49680
49680
49680
49680
49680
49680
49680
49680
49680
49680
49680
49680
49680
49680
49680
49680
49680
49680
49680
49680
49680
49680
49680
49680
49680
49680
49680
49680
49680
49680
49680
49680
49680
49680
49680
49680
49680
49680
49680
49680
49680
49680
49680
49680
49680
49680
49680
49680
49680
49680
49680
49680
49680
49680
49680
49680
49680
49680
49680
49680
49680
49680
49680
49680
49680
49680
49680
49680
49680
49680
49680
49680
49680
49680
49680
49680
49680
49680
49680
49680
49680
49680
49680
49680
49680
49680
49680
49680
49680
49680
49680
49680
49680
49680
49680
49680
49680
49680
49680
49680
49680
49680
49680
49680
49680
49680
49680
49680
49680
49680
49680
49680
49680
49680
49680
49680
49680
49680
49680
49680
49680
49680
49680
49680
49680
49680
49680
49680
49680
49680
49680
49680
49680
49680
49680
49680
49680
49680
49680
49680
49680
49680
49680
49680
49680
49680
49680
49680
49680
49680
49680
49680
49680
49680
49680
49680
49680
49680
49680
49680
49680
49680
49680
49680
49680
49680
49680
49680
49680
49680
49680
49680
49680
49680
49680
49680
49680
9972
9972
9972
9972
9972
9972
9972
9972
9972
9972
9972
9972
9972
9972
9972
9972
9972
9972
9972
9972
9972
9972
9972
9972
9972
9972
9972
9972
9972
9972
9972
9972
0.576
0.576
0.576
0.576
0.576
0.576
0.576
0.576
200880
200880
200880
200880
200880
200880
200880
200880
200880
200880
200880
200880
200880
200880
200880
200880
200880
200880
200880
200880
200880
200880
200880
200880
49680
49680
49680
49680
49680
49680
49680
49680
49680
49680
49680
49680
49680
49680
49680
49680
49680
49680
49680
49680
49680
49680
49680
49680
49680
49680
49680
49680
49680
49680
49680
49680
49680
49680
49680
49680
49680
49680
49680
49680
49680
49680
49680
49680
49680
49680
49680
49680
49680
49680
49680
49680
49680
49680
49680
49680
49680
49680
49680
49680
49680
49680
49680
49680
49680
49680
49680
49680
49680
49680
49680
49680
49680
49680
49680
49680
49680
49680
49680
49680
49680
49680
49680
49680
49680
49680
49680
49680
49680
49680
49680
49680
49680
49680
49680
49680
49680
49680
49680
49680
49680
49680
49680
49680
49680
49680
49680
49680
49680
49680
49680
49680
49680
49680
49680
49680
49680
49680
49680
49680
49680
49680
49680
49680
49680
49680
49680
49680
6418.8
6418.8
6418.8
6418.8
6418.8
6418.8
6418.8
6418.8
6418.8
6418.8
6418.8
6418.8
6418.8
6418.8
6418.8
6418.8
6418.8
6418.8
6418.8
6418.8
6418.8
6418.8
6418.8
6418.8
6418.8
6418.8
6418.8
6418.8
6418.8
6418.8
6418.8
6418.8
6418.8
6418.8
6418.8
6418.8
6418.8
6418.8
6418.8
6418.8
6418.8
6418.8
6418.8
6418.8
6418.8
6418.8
6418.8
6418.8
6418.8
6418.8
6418.8
6418.8
6418.8
6418.8
6418.8
6418.8
6418.8
6418.8
6418.8
6418.8
15840000
15840000
15840000
15840000
15840000
15840000
15840000
15840000
15840000
15840000
15840000
15840000
15840000
15840000
15840000
15840000
15840000
15840000
15840000
15840000
15840000
15840000
629280
629280
629280
629280
629280
629280
629280
629280
39600
39600
39600
39600
39600
39600
39600
39600
2998800
2998800
2998800
2998800
2998800
2998800
2998800
2998800
2998800
2998800
2998800
2998800
2998800
2998800
2998800
2998800
2998800
2998800
2998800
2998800
2998800
2998800
2998800
2998800
39600
39600
39600
39600
39600
39600
39600
39600
39600
39600
39600
39600
39600
39600
39600
39600
2998800
2998800
2998800
2998800
2998800
2998800
2998800
2998800
2998800
2998800
2998800
2998800
2998800
2998800
2998800
2998800
39600
39600
39600
39600
39600
39600
39600
39600
39600
39600
39600
39600
39600
39600
39600
39600
39600
39600
39600
39600
39600
39600
39600
39600
39600
39600
39600
39600
39600
39600
39600
39600
39600
39600
39600
39600
39600
39600
39600
39600
2998800
2998800
2998800
2998800
2998800
2998800
2998800
2998800
2998800
2998800
2998800
2998800
2998800
2998800
2998800
2998800
2998800
2998800
2998800
2998800
2998800
2998800
2998800
2998800
2998800
2998800
2998800
2998800
2998800
2998800
2998800
2998800
227988000
227988000
227988000
227988000
227988000
227988000
227988000
227988000
227988000
227988000
227988000
227988000
19332000
19332000
19332000
19332000
19332000
19332000
19332000
19332000
19332000
19332000
19332000
19332000
19332000
19332000
19332000
19332000
19332000
19332000
19332000
19332000
19332000
19332000
19332000
19332000
19332000
19332000
19332000
19332000
19332000
19332000
19332000
19332000
19332000
19332000
19332000
19332000
19332000
19332000
19332000
19332000
19332000
19332000
19332000
19332000
4068
4068
4068
4068
19332000
19332000
19332000
19332000
19332000
19332000
19332000
19332000
19332000
19332000
19332000
19332000
19332000
19332000
19332000
19332000
19332000
19332000
19332000
19332000
684000
115200
72000
2664000
2664000
3553200
3553200
3553200
3553200
3553200
3553200
3553200
3553200
3553200
3553200
3553200
3553200
3553200
3553200
3553200
3553200
3553200
3553200
3553200
3553200
3553200
3553200
3553200
3553200
3553200
3553200
3553200
3553200
3553200
3553200
3553200
3553200
3553200
3553200
3553200
3553200
3553200
3553200
3553200
3553200
3553200
3553200
3553200
3553200
3553200
3553200
3553200
3553200
3553200
3553200
3553200
3553200
3553200
3553200
3553200
3553200
3553200
3553200
3553200
3553200
3553200
3553200
3553200
3553200
3553200
3553200
3553200
3553200
3553200
3553200
3553200
3553200
3553200
3553200
3553200
3553200
3553200
3553200
3553200
3553200
3553200
3553200
3553200
3553200
3553200
3553200
3553200
3553200
3553200
3553200
3553200
3553200
3553200
3553200
3553200
3553200
3553200
3553200
3553200
3553200
3553200
3553200
3553200
3553200
3553200
3553200
3553200
3553200
3553200
3553200
3553200
3553200
3553200
3553200
3553200
3553200
3553200
3553200
3553200
3553200
3553200
3553200
3553200
3553200
3553200
3553200
3553200
3553200
3553200
3553200
3553200
3553200
3553200
3553200
3553200
3553200
3553200
3553200
3553200
3553200
3553200
3553200
3553200
3553200
3553200
3553200
3553200
3553200
3553200
3553200
3553200
3553200
3553200
3553200
3553200
3553200
3553200
3553200
3553200
3553200
5400000
5400000
1339200
2581.2
435600
4320000
1620000
2401200
439200
263160
263160
2880
576000
190800
6418.8
2880
263160
217800
33840000
147060000
49680
49680
14004000
14004000
14004000
14004000
14004000
1166400000
12600000
406800
5925600
406800
792000000
5925600
187200
243000
129240
190800
34491600
5925600
34491600
792000000
5925600
187200
180000
792000000
5925600
255240
52560
493200
21888
72000
204120
1501200
351360
49680
49680
49680
49680
348840
1188
11880
1224
0.72
0.72
0.72
0.72
0.72
0.72
0.72
0.72
0.72
0.72
0.72
0.72
0.72
0.72
0.72
0.72
0.72
40320
50400
50400
86868
255240
828000
9180
106380000
3600000
43200
792000
103140000
3240000
3445200
60120
2998800
1404000
3236400
65.88
2628
3553200
305640
6012
305640
2221.2
1368
3445200
3445200
82.8
252
1440
263160
30960
3198960
406800
579600
5400
255240
255240
255240
255240
255240
255240
255240
255240
255240
255240
964800
792
1436400
1436400
579600
111.6
1436400
1436400
1332000
1332000
4680
12600
1432800
352800
10177200
252
1432800
30960
2376
216000
263160
263160
835200
46440
46440
46440
46440
46440
46440
4140
21888
2998800
2998800
200880
200880
936000
7200
3445200
119880
3240000
162000
248400
52560
1299600
2221.2
12600000
360000
360000
360000
104.4
104.4
104.4
104.4
104.4
104.4
104.4
104.4
104.4
104.4
4140
49680
4140
49680
49680
49680
49680
49680
19332000
19332000
19332000
19332000
4140
4140
4140
4140
4140
4140
4140
4140
49680
49680
49680
49680
49680
49680
49680
49680
298.8
298.8
298.8
298.8
298.8
298.8
298.8
298.8
49680
49680
49680
49680
49680
49680
49680
49680
622800
622800
622800
622800
622800
622800
622800
622800
19188
19188
19188
19188
19188
19188
19188
19188
9972
9972
9972
9972
9972
9972
9972
9972
6418.8
6418.8
6418.8
6418.8
6418.8
6418.8
6418.8
6418.8
6418.8
6418.8
6418.8
6418.8
6418.8
6418.8
6418.8
6418.8
6418.8
6418.8
6418.8
6418.8
6418.8
6418.8
6418.8
6418.8
39600
39600
39600
39600
39600
39600
39600
39600
39600
39600
39600
39600
39600
39600
39600
39600
39600
39600
39600
39600
39600
39600
39600
39600
39600
39600
39600
39600
39600
39600
39600
39600
39600
39600
39600
39600
39600
39600
39600
39600
39600
39600
39600
39600
39600
39600
39600
39600
39600
39600
39600
39600
39600
39600
39600
39600
39600
39600
39600
39600
39600
39600
39600
39600
227988000
227988000
19332000
19332000
19332000
19332000
19332000
19332000
19332000
19332000
19332000
19332000
19332000
19332000
19332000
19332000
19332000
19332000
19332000
19332000
19332000
19332000
19332000
19332000
19332000
19332000
19332000
19332000
19332000
19332000
19332000
19332000
19332000
19332000
5400000
5544000
263160
263160
263160
5925600
187200
5925600
5925600
5925600
5925600
255240
4600800
3096000
1188
255240
106380000
43200
3240000
3445200
60120
65.88
6012
252
1440
263160
3198960
3024
579600
57960
252
622800
2376
263160
263160
46440
46440
46440
46440
46440
46440
119880
2808
19332000
19332000
19332000
19332000
4140
4140
4140
4140
4140
4140
4140
4140
49680
49680
49680
49680
49680
49680
49680
49680
298.8
298.8
298.8
298.8
298.8
298.8
298.8
298.8
49680
49680
49680
49680
49680
49680
49680
49680
39600
39600
39600
39600
39600
39600
39600
39600
39600
39600
39600
39600
39600
39600
39600
39600
39600
39600
39600
39600
39600
39600
39600
39600
19332000
19332000
19332000
19332000
19332000
19332000
19332000
19332000
19332000
19332000
19332000
19332000
19332000
19332000
19332000
19332000
19332000
19332000
19332000
19332000
19332000
19332000
19332000
19332000
19332000
19332000
19332000
19332000
19332000
19332000
19332000
19332000
5400000
263160
255240
493200
255240
56160000
43200
3240000
3445200
65.88
3198960
579600
46440
46440
46440
46440
46440
46440
1299600
19332000
19332000
19332000
19332000
19332000
19332000
19332000
19332000
19332000
19332000
19332000
19332000
19332000
19332000
19332000
19332000
19332000
19332000
19332000
19332000
19332000
19332000
19332000
19332000
19332000
19332000
19332000
19332000
19332000
19332000
19332000
19332000
255240
493200
106380000
2412000
579600
255240
493200
255240
255240
792000000
90000
1000800
3384000000
9000
3384000000
136800
136800
136800
136800
3384000000
18828
18828
18828
18828
18828
18828
18828
18828
18828
18828
18828
3600
3394800
10440
2700000
1512000
15840
10548000
6.12
2412000
2412000
50040
1224
11880
30240
30240
11880
11880
75240
7.2
5040000
1418400
7920000
579600
579600
702000
1908000
122652
4320
4320
4320
4320
4320
57600
57600
7.2
1656000
1656000
2368800
2368800
2340000
2412000
60120
2304000
2304000
170640
255240
3553200
255240
255240
3553200
1418400
9000
30960
918000
4165200
4165200
107640000
79200
90000
90000
31104
3240000
4165200
4165200
18720
18720
18720
18720
18720
18720
437760000
437760000
437760000
5688000
507600
57600
57600
57600
57600
136800
23040
47880
47880
6516
38880
4320000
10584
1432800
10584
1274400
1908000
485640
1432800
30960
568800
568800
457200
118800
187200000
4680000
6480
7.2
2368800
286560
7200
82440
248400
248400
60120000
1800000
30240
59400000
3553200
97200
4165200
4165200
1299600
5544000
5544000
500400
3384000000
3384000000
3384000000
3384000000
3384000000
3384000000
3384000000
3384000000
3384000000
3384000000
4320
4320
4320
4320
4320
4320
4320
4320
4320
4320
4320
4320
4320
4320
4320
4320
4320
4320
4320
11880
32112
32112
32112
32112
32112
32112
32112
32112
32112
32112
32112
32112
32112
32112
18828
18828
49680
49680
49680
49680
49680
49680
49680
49680
49680
49680
49680
49680
49680
49680
49680
49680
49680
49680
49680
49680
49680
49680
49680
49680
49680
49680
49680
49680
49680
49680
49680
49680
49680
49680
49680
49680
49680
49680
49680
49680
49680
49680
49680
49680
49680
49680
49680
49680
49680
49680
49680
49680
49680
49680
49680
49680
49680
49680
49680
49680
49680
49680
49680
49680
49680
49680
49680
49680
49680
49680
49680
49680
49680
49680
49680
49680
49680
49680
49680
49680
49680
49680
49680
49680
49680
49680
49680
49680
49680
49680
49680
49680
49680
49680
49680
49680
49680
49680
49680
49680
49680
49680
49680
49680
49680
49680
49680
49680
49680
49680
49680
49680
49680
49680
49680
49680
49680
49680
49680
49680
49680
49680
49680
49680
49680
49680
49680
49680
49680
49680
49680
49680
49680
49680
49680
49680
49680
49680
49680
49680
49680
49680
49680
49680
49680
49680
49680
49680
49680
49680
49680
49680
49680
49680
49680
49680
49680
49680
49680
49680
49680
49680
49680
49680
49680
49680
49680
49680
49680
49680
49680
49680
49680
49680
49680
49680
49680
49680
49680
49680
49680
49680
49680
49680
49680
49680
49680
49680
49680
49680
49680
49680
49680
49680
49680
49680
49680
49680
49680
49680
49680
49680
49680
49680
49680
49680
49680
49680
49680
49680
49680
49680
49680
49680
49680
49680
49680
49680
49680
49680
49680
49680
49680
49680
49680
49680
49680
49680
49680
49680
49680
49680
49680
49680
49680
49680
49680
49680
49680
49680
49680
49680
49680
49680
49680
49680
49680
49680
49680
49680
49680
49680
49680
49680
49680
49680
49680
49680
49680
49680
49680
49680
49680
49680
49680
49680
49680
49680
49680
49680
49680
49680
49680
49680
49680
49680
49680
49680
49680
49680
49680
49680
49680
49680
49680
49680
49680
49680
49680
49680
49680
49680
49680
49680
49680
49680
49680
49680
49680
49680
49680
49680
49680
49680
49680
49680
49680
49680
49680
49680
49680
49680
49680
49680
49680
49680
49680
49680
49680
49680
4680
1000800
2880
2880
18828
18828
30240
30240
122652
3445200
60120
3553200
30960
38880
1432800
1432800
30960
286560
7200
248400
248400
1299600
4320
4320
4320
4320
4320
4320
4320
4320
4320
4320
27612
3445200
60120
622800
2808
3445200
1299600
2412000
